         0   1.0025383      2.5256171e-28  6.3140427e-23  5e+20        
      1000   1.0128649      4.142722       0.20713606     0.21365363   
      2000   0.98285503     8.880617       0.2220154      0.22950878   
      3000   1.0115101      13.867564      0.23112605     0.23623526   
      4000   0.98876409     19.060398      0.23825496     0.2420874    
      5000   0.99882812     24.020206      0.24020205     0.2454264    
      6000   0.99412134     29.124028      0.24270023     0.24772382   
      7000   0.99305163     34.464276      0.24617339     0.24957917   
      8000   1.0036479      39.50499       0.24690618     0.25118628   
      9000   0.98014117     45.754735      0.25419297     0.25364555   
     10000   0.97722381     52.149108      0.26074554     0.25870179   
     11000   1.0045564      58.743325      0.26701511     0.26445177   
     12000   0.98134015     64.583106      0.26909627     0.26933949   
     13000   0.99676112     70.383558      0.27070599     0.27334663   
     14000   0.99906151     76.638014      0.27370719     0.27661398   
     15000   0.99850012     82.970717      0.27656905     0.27961019   
     16000   0.99593094     88.997155      0.27811611     0.28230236   
     17000   1.0043663      95.340058      0.28041193     0.28454765   
     18000   0.9953887      101.83121      0.28286447     0.2868242    
     19000   0.98866661     109.03592      0.28693662     0.28931039   
     20000   1.0170341      115.9122       0.2897805      0.29197603   
     21000   1.0017771      123.4566       0.29394429     0.29486737   
     22000   0.98657119     130.61383      0.29684962     0.29788176   
     23000   0.99272944     138.20201      0.30043915     0.30101296   
     24000   0.9687638      146.15984      0.30449966     0.30439602   
     25000   0.99629832     154.78412      0.30956824     0.3079529    
     26000   1.0066284      161.67519      0.31091382     0.31159695   
     27000   1.0072368      168.17723      0.31143931     0.31463803   
     28000   1.0033106      175.7181       0.31378231     0.31725914   
     29000   1.0062664      182.80865      0.31518733     0.31974929   
     30000   0.99476592     190.44205      0.31740341     0.3219848    
     31000   1.0089727      196.646        0.31717097     0.32402375   
     32000   0.99505444     203.69279      0.31826998     0.3257189    
     33000   0.98861649     210.72015      0.31927295     0.32724189   
     34000   0.99357719     218.60225      0.3214739      0.32874154   
     35000   0.9837436      224.94401      0.32134858     0.33010947   
     36000   0.99675969     233.07016      0.32370855     0.33136992   
     37000   0.98683515     239.5786       0.32375486     0.33269519   
     38000   1.0032276      247.26359      0.32534682     0.33391953   
     39000   1.0121868      252.03314      0.32311941     0.33479662   
     40000   1.0001573      256.64501      0.32080626     0.33525212   
     41000   0.99984971     261.56758      0.31898485     0.33527637   
     42000   1.0072047      265.97119      0.31663237     0.33490934   
     43000   0.99249632     269.17874      0.31299853     0.33413147   
     44000   1.0085071      274.76007      0.31222735     0.33314183   
     45000   0.99585406     280.23134      0.31136815     0.33213103   
     46000   0.99408815     284.85377      0.30962367     0.33093779   
     47000   0.9937939      289.11764      0.30757196     0.32973044   
     48000   0.98913799     294.93433      0.30722326     0.32844109   
     49000   0.98262931     298.21336      0.30429935     0.32701032   
     50000   0.98039688     304.26668      0.30426667     0.32557251   
     51000   1.0044833      310.44157      0.30435448     0.32423025   
     52000   0.97591957     317.237        0.30503558     0.32307949   
     53000   0.99533207     322.20213      0.30396427     0.32193654   
     54000   0.99457623     329.32185      0.30492764     0.32092273   
     55000   0.98680887     335.10795      0.30464359     0.31998754   
     56000   0.99096695     340.67812      0.30417689     0.31910614   
     57000   0.98664038     345.65307      0.30320444     0.31815619   
     58000   0.99664653     351.54363      0.30305485     0.31723904   
     59000   1.0084495      357.69001      0.30312713     0.31633002   
     60000   0.99241298     365.84073      0.30486727     0.31560898   
     61000   0.99187527     374.92218      0.30731326     0.31519074   
     62000   0.98412308     382.17266      0.30820376     0.31492717   
     63000   0.99693598     390.24197      0.30971585     0.31477286   
     64000   0.99609317     395.00265      0.30859582     0.31469668   
     65000   1.0070854      401.18572      0.3086044      0.31455221   
     66000   0.98892229     407.69961      0.30886334     0.31437541   
     67000   0.998388       415.68789      0.31021484     0.31429857   
     68000   1.003946       422.51352      0.3106717      0.31429991   
     69000   0.98184239     428.40515      0.31043851     0.31430359   
     70000   0.99735886     435.23024      0.31087874     0.31431147   
     71000   0.99202367     441.5418       0.31094493     0.31434106   
     72000   0.99463075     447.83622      0.31099737     0.31435649   
     73000   0.99119948     456.14443      0.31242769     0.31442699   
     74000   1.0096323      464.35553      0.31375374     0.31462299   
     75000   1.0015876      471.07757      0.31405171     0.31489441   
     76000   0.98963544     476.36453      0.31339771     0.31507373   
     77000   0.99118327     484.17947      0.31440225     0.31526023   
     78000   0.98679857     490.24325      0.3142585      0.31546979   
     79000   1.0050881      497.59375      0.31493275     0.31570056   
     80000   0.99084966     506.26679      0.31641675     0.31595601   
     81000   0.99451134     511.69538      0.31586134     0.31626035   
     82000   0.98635453     519.15273      0.31655654     0.3165308    
     83000   0.99284365     528.35997      0.31828914     0.31688162   
     84000   1.0103251      537.49595      0.31993807     0.31732162   
     85000   0.99185414     544.80314      0.32047244     0.31779903   
     86000   1.00193        553.30169      0.32168703     0.31831224   
     87000   1.0137877      564.40578      0.32437114     0.31891829   
     88000   0.98203608     573.76782      0.32600444     0.31964221   
     89000   0.99618162     579.45787      0.32553813     0.32037009   
     90000   0.99537259     586.1788       0.32565489     0.32105596   
     91000   0.98455283     591.27431      0.32487599     0.32166296   
     92000   1.0071525      597.39653      0.32467203     0.32221403   
     93000   0.98714503     602.69504      0.32402959     0.32268237   
     94000   0.99248883     608.07016      0.32344157     0.3231057    
     95000   0.99134761     614.98562      0.32367664     0.32349345   
     96000   0.98597988     620.87011      0.32336985     0.32383865   
     97000   1.0156816      627.02757      0.32321009     0.32415345   
     98000   0.99295405     633.81778      0.32337642     0.32444192   
     99000   0.98757506     640.6831       0.32357732     0.32470582   
    100000   0.99505786     647.46185      0.32373092     0.3249798    
