0           2.5256171e-28
1000        4.142722
2000        8.880617
3000        13.867564
4000        19.060398
5000        24.020206
6000        29.124028
7000        34.464276
8000        39.50499
9000        45.754735
10000       52.149108
11000       58.743325
12000       64.583106
13000       70.383558
14000       76.638014
15000       82.970717
16000       88.997155
17000       95.340058
18000       101.83121
19000       109.03592
20000       115.9122
21000       123.4566
22000       130.61383
23000       138.20201
24000       146.15984
25000       154.78412
26000       161.67519
27000       168.17723
28000       175.7181
29000       182.80865
30000       190.44205
31000       196.646
32000       203.69279
33000       210.72015
34000       218.60225
35000       224.94401
36000       233.07016
37000       239.5786
38000       247.26359
39000       252.03314
40000       256.64501
41000       261.56758
42000       265.97119
43000       269.17874
44000       274.76007
45000       280.23134
46000       284.85377
47000       289.11764
48000       294.93433
49000       298.21336
50000       304.26668
51000       310.44157
52000       317.237
53000       322.20213
54000       329.32185
55000       335.10795
56000       340.67812
57000       345.65307
58000       351.54363
59000       357.69001
60000       365.84073
61000       374.92218
62000       382.17266
63000       390.24197
64000       395.00265
65000       401.18572
66000       407.69961
67000       415.68789
68000       422.51352
69000       428.40515
70000       435.23024
71000       441.5418
72000       447.83622
73000       456.14443
74000       464.35553
75000       471.07757
76000       476.36453
77000       484.17947
78000       490.24325
79000       497.59375
80000       506.26679
81000       511.69538
82000       519.15273
83000       528.35997
84000       537.49595
85000       544.80314
86000       553.30169
87000       564.40578
88000       573.76782
89000       579.45787
90000       586.1788
91000       591.27431
92000       597.39653
93000       602.69504
94000       608.07016
95000       614.98562
96000       620.87011
97000       627.02757
98000       633.81778
99000       640.6831
100000      647.46185
