0           4.0389678e-28
1000        8.3066934
2000        18.362968
3000        29.422679
4000        40.833158
5000        52.41303
6000        63.454098
7000        74.638427
8000        86.152881
9000        97.211116
10000       109.35519
11000       122.09029
12000       135.69625
13000       147.17845
14000       158.18227
15000       170.56653
16000       181.89148
17000       193.54942
18000       204.5538
19000       217.40823
20000       227.73492
21000       240.76358
22000       253.4683
23000       263.85137
24000       276.01038
25000       287.71545
26000       300.73163
27000       312.99844
28000       323.44861
29000       335.67327
30000       351.4051
31000       362.42025
32000       374.00767
33000       387.86671
34000       400.82364
35000       413.71894
36000       424.34034
37000       436.25495
38000       449.74237
39000       464.10706
40000       477.24101
41000       492.10919
42000       504.65258
43000       516.64339
44000       530.66097
45000       547.86117
46000       559.436
47000       573.96199
48000       586.77836
49000       601.42013
50000       618.22772
51000       635.7251
52000       650.09168
53000       665.67099
54000       682.32653
55000       697.01254
56000       712.78486
57000       729.24983
58000       743.20547
59000       759.66407
60000       775.7855
61000       789.37337
62000       802.7008
63000       819.36823
64000       837.76936
65000       853.03619
66000       868.33597
67000       882.34512
68000       898.28559
69000       914.65244
70000       931.84191
71000       947.82781
72000       961.36074
73000       976.08525
74000       990.59096
75000       1006.6285
76000       1021.5381
77000       1040.0925
78000       1051.2283
79000       1066.1481
80000       1076.9126
81000       1086.6915
82000       1098.2114
83000       1107.3496
84000       1122.1085
85000       1133.7621
86000       1146.2106
87000       1155.5168
88000       1168.5691
89000       1181.9487
90000       1199.2011
91000       1215.4863
92000       1233.1689
93000       1244.8561
94000       1254.6599
95000       1268.7709
96000       1280.3373
97000       1295.9012
98000       1309.4233
99000       1318.1897
100000      1326.0751
