0           1.2618146e-27
1000        23.662894
2000        61.794631
3000        100.70329
4000        138.43467
5000        175.38453
6000        213.88971
7000        251.68313
8000        291.82237
9000        328.30488
10000       368.11231
11000       408.67501
12000       451.68957
13000       489.8616
14000       525.48884
15000       562.90873
16000       602.74699
17000       642.2171
18000       682.59306
19000       724.16064
20000       767.00821
21000       809.63251
22000       850.55548
23000       891.15235
24000       933.70012
25000       974.46148
26000       1012.6934
27000       1058.3456
28000       1102.3526
29000       1143.6944
30000       1183.632
31000       1221.9843
32000       1264.7917
33000       1299.0643
34000       1332.459
35000       1365.1055
36000       1402.5113
37000       1447.3174
38000       1494.4164
39000       1528.0692
40000       1568.0716
41000       1606.6102
42000       1639.1878
43000       1676.235
44000       1714.9869
45000       1756.0426
46000       1797.3348
47000       1837.367
48000       1872.1884
49000       1902.2287
50000       1941.7157
51000       1989.7643
52000       2033.7709
53000       2074.6073
54000       2127.5575
55000       2169.0423
56000       2198.1062
57000       2229.3483
58000       2267.4897
59000       2315.786
60000       2358.3193
61000       2396.8423
62000       2432.2699
63000       2484.6333
64000       2534.3667
65000       2580.9965
66000       2620.5224
67000       2657.7019
68000       2702.6841
69000       2750.1322
70000       2779.1224
71000       2819.2308
72000       2853.1625
73000       2880.5135
74000       2915.3426
75000       2963.003
76000       3003.7898
77000       3051.2265
78000       3087.4264
79000       3113.1582
80000       3154.6842
81000       3190.7467
82000       3238.6227
83000       3282.5576
84000       3328.5235
85000       3376.0803
86000       3423.3442
87000       3471.7253
88000       3509.4203
89000       3547.4468
90000       3590.8923
91000       3634.527
92000       3660.9839
93000       3695.1084
94000       3733.6094
95000       3773.4422
96000       3822.5677
97000       3872.447
98000       3909.0137
99000       3946.5277
100000      3985.212
