         0   0.96706047     4.0389678e-28  1.009742e-22   5e+20        
      1000   0.99617085     8.3066934      0.41533459     0.43787245   
      2000   0.98554332     18.362968      0.45907416     0.47856539   
      3000   0.985438       29.422679      0.49037795     0.50049596   
      4000   0.99264133     40.833158      0.51041444     0.52009303   
      5000   0.97872015     52.41303       0.52413028     0.53747107   
      6000   0.98030549     63.454098      0.52878413     0.54611387   
      7000   0.98646248     74.638427      0.53313161     0.5505804    
      8000   0.97686945     86.152881      0.53845549     0.55382964   
      9000   0.98500718     97.211116      0.54006175     0.55662013   
     10000   0.98397711     109.35519      0.54677594     0.55899936   
     11000   0.98805643     122.09029      0.55495585     0.56219027   
     12000   0.99301504     135.69625      0.56540102     0.56852679   
     13000   0.98444826     147.17845      0.56607096     0.5740185    
     14000   0.99375151     158.18227      0.56493668     0.57721562   
     15000   0.99184284     170.56653      0.56855508     0.57963515   
     16000   0.98153223     181.89148      0.56841088     0.58164416   
     17000   0.98024053     193.54942      0.569263       0.5826824    
     18000   0.98563999     204.5538       0.568205       0.58299135   
     19000   0.99654844     217.40823      0.57212691     0.58335504   
     20000   0.97801364     227.73492      0.5693373      0.58379625   
     21000   0.99145614     240.76358      0.57324662     0.58417379   
     22000   0.96964133     253.4683       0.5760643      0.58502346   
     23000   0.99329031     263.85137      0.57358993     0.58567317   
     24000   0.98545665     276.01038      0.57502163     0.58578227   
     25000   0.98081202     287.71545      0.5754309      0.58608127   
     26000   0.99006535     300.73163      0.57833006     0.58673643   
     27000   0.97717814     312.99844      0.57962674     0.58753055   
     28000   0.98320129     323.44861      0.57758679     0.58797964   
     29000   0.98620117     335.67327      0.57874702     0.58826421   
     30000   0.98808963     351.4051       0.58567516     0.58899702   
     31000   0.97902364     362.42025      0.58454878     0.59039318   
     32000   0.9730995      374.00767      0.58438698     0.59120023   
     33000   0.98531445     387.86671      0.58767683     0.59204452   
     34000   0.99459773     400.82364      0.58944653     0.59315232   
     35000   0.9759351      413.71894      0.59102705     0.59453418   
     36000   0.98487603     424.34034      0.58936159     0.5955565    
     37000   0.99148113     436.25495      0.58953371     0.59621832   
     38000   0.98551999     449.74237      0.59176627     0.59694344   
     39000   0.9610188      464.10706      0.59500905     0.59793181   
     40000   0.97708976     477.24101      0.59655125     0.59915147   
     41000   0.98291974     492.10919      0.60013316     0.60058121   
     42000   0.98489806     504.65258      0.60077688     0.60212926   
     43000   0.99008847     516.64339      0.60074813     0.60351226   
     44000   0.99610397     530.66097      0.60302383     0.60479831   
     45000   0.98360609     547.86117      0.60873463     0.60654378   
     46000   0.97164649     559.436        0.6080826      0.60826878   
     47000   0.97213422     573.96199      0.61059786     0.60989097   
     48000   0.97591588     586.77836      0.61122746     0.61167523   
     49000   0.97299534     601.42013      0.613694       0.61330271   
     50000   0.99268717     618.22772      0.61822772     0.61509989   
     51000   0.98224087     635.7251       0.62325989     0.6172055    
     52000   0.98687669     650.09168      0.62508815     0.61962375   
     53000   0.98549161     665.67099      0.6279915      0.62195818   
     54000   0.98142561     682.32653      0.63178382     0.62442521   
     55000   0.98017243     697.01254      0.63364776     0.62696912   
     56000   0.98182027     712.78486      0.63641505     0.62945462   
     57000   0.97986222     729.24983      0.63969283     0.63201007   
     58000   0.9769066      743.20547      0.64069437     0.63453714   
     59000   0.98783306     759.66407      0.64378311     0.63711262   
     60000   0.99657087     775.7855       0.64648791     0.63972786   
     61000   0.98008589     789.37337      0.64702735     0.64213923   
     62000   0.99131457     802.7008       0.64733936     0.64442344   
     63000   0.97435016     819.36823      0.65029224     0.64663342   
     64000   0.99730888     837.76936      0.65450731     0.64899223   
     65000   0.99310398     853.03619      0.65618169     0.65138787   
     66000   0.97238469     868.33597      0.65783028     0.65369021   
     67000   0.98023159     882.34512      0.65846651     0.65601505   
     68000   0.9742597      898.28559      0.66050411     0.6581979    
     69000   0.99346522     914.65244      0.66279162     0.6603242    
     70000   0.97618363     931.84191      0.66560136     0.66259284   
     71000   0.99420034     947.82781      0.66748437     0.66488533   
     72000   0.99426304     961.36074      0.66761162     0.66704503   
     73000   0.9886913      976.08525      0.66855154     0.66903527   
     74000   0.99522734     990.59096      0.66931821     0.67096883   
     75000   0.98589279     1006.6285      0.67108564     0.67285497   
     76000   0.98906425     1021.5381      0.67206455     0.67466847   
     77000   0.98950799     1040.0925      0.67538475     0.67647305   
     78000   0.98649864     1051.2283      0.67386431     0.67829023   
     79000   0.9871509      1066.1481      0.67477727     0.67991293   
     80000   0.99728429     1076.9126      0.67307035     0.68140888   
     81000   0.97775112     1086.6915      0.67079723     0.68259778   
     82000   0.98249209     1098.2114      0.66964112     0.68357236   
     83000   0.97708212     1107.3496      0.66707807     0.68430136   
     84000   0.98119877     1122.1085      0.66792173     0.68498834   
     85000   0.9835809      1133.7621      0.66691887     0.68558414   
     86000   0.98879266     1146.2106      0.66640152     0.68607334   
     87000   0.98195099     1155.5168      0.66409012     0.68641319   
     88000   0.9880852      1168.5691      0.66395973     0.68659196   
     89000   0.99359324     1181.9487      0.6640161      0.68676491   
     90000   0.98750188     1199.2011      0.66622281     0.68696264   
     91000   1.0028651      1215.4863      0.66784963     0.68727594   
     92000   0.98917387     1233.1689      0.67020049     0.68768323   
     93000   0.98030977     1244.8561      0.66927747     0.68811978   
     94000   0.98402721     1254.6599      0.6673723      0.68841267   
     95000   0.97285138     1268.7709      0.66777417     0.68862276   
     96000   0.98278274     1280.3373      0.66684236     0.68878041   
     97000   0.98604501     1295.9012      0.66799031     0.6889393    
     98000   0.982505       1309.4233      0.66807309     0.68910913   
     99000   0.98935731     1318.1897      0.66575235     0.6891991    
    100000   0.99872732     1326.0751      0.66303756     0.68908002   
