0           9.0980906e-28
1000        3.958539
2000        8.9181691
3000        14.327658
4000        19.68781
5000        25.171321
6000        31.165911
7000        37.511162
8000        43.919223
9000        50.099046
10000       56.526164
11000       62.344408
12000       68.398789
13000       75.751576
14000       83.000042
15000       89.997979
16000       95.3389
17000       100.79754
18000       106.15773
19000       110.31609
20000       114.76833
21000       118.68916
22000       124.7849
23000       130.99313
24000       136.20135
25000       142.03716
26000       148.36404
27000       153.54296
28000       160.09513
29000       166.31975
30000       171.42425
31000       176.70601
32000       181.68275
33000       186.10483
34000       190.73588
35000       196.60507
36000       202.08158
37000       209.35662
38000       216.41541
39000       223.98663
40000       231.53072
41000       239.03994
42000       248.40485
43000       256.6405
44000       265.41491
45000       273.94441
46000       283.76221
47000       292.46785
48000       302.13116
49000       310.1975
50000       318.95278
51000       328.02434
52000       336.0706
53000       341.5735
54000       348.0197
55000       355.41091
56000       362.34203
57000       368.39174
58000       376.08419
59000       382.9572
60000       389.7667
61000       398.14777
62000       407.23323
63000       415.99632
64000       425.08804
65000       433.53961
66000       441.56352
67000       449.71998
68000       456.54261
69000       464.5617
70000       471.65106
71000       479.15582
72000       484.52475
73000       488.70736
74000       498.15276
75000       505.17878
76000       511.3025
77000       518.72182
78000       526.35563
79000       533.75166
80000       539.76278
81000       544.17907
82000       547.8379
83000       554.81662
84000       561.11168
85000       566.81453
86000       573.00587
87000       581.08379
88000       587.68904
89000       595.85019
90000       604.07271
91000       612.73237
92000       621.64764
93000       630.07512
94000       639.07026
95000       648.8978
96000       658.13309
97000       666.36996
98000       674.90862
99000       686.5636
100000      694.55536
