0         6.512869e-27
1000      4.127087
2000      9.1962035
3000      14.673952
4000      20.360209
5000      26.22209
6000      32.333209
7000      38.591698
8000      44.981296
9000      51.487411
10000     57.926823
11000     64.51244
12000     71.201882
13000     77.930246
14000     84.743488
15000     91.644523
16000     98.576258
17000     105.47403
18000     112.4072
19000     119.29361
20000     126.36758
21000     133.50267
22000     140.53031
23000     147.43739
24000     154.58431
25000     161.69899
26000     168.83963
27000     176.09096
28000     183.38224
29000     190.76668
30000     198.25991
31000     205.68436
32000     213.24801
33000     220.72689
34000     228.43466
35000     236.10495
36000     243.92831
37000     251.65414
38000     259.54813
39000     267.21146
40000     275.20297
41000     283.28027
42000     291.15354
43000     299.0471
44000     306.9665
45000     314.96148
46000     322.87867
47000     330.8474
48000     339.05433
49000     347.03101
50000     355.08603
51000     363.20179
52000     371.69382
53000     380.18222
54000     388.54842
55000     396.98298
56000     405.37421
57000     413.91613
58000     422.24327
59000     430.59536
60000     439.17622
61000     447.61812
62000     456.0758
63000     464.6979
64000     473.22257
65000     481.87752
66000     490.40067
67000     499.17425
68000     507.94004
69000     516.55715
70000     525.33078
71000     534.19194
72000     542.84605
73000     551.71931
74000     560.39063
75000     569.45884
76000     578.22042
77000     587.13678
78000     596.05769
79000     604.7553
80000     613.51258
81000     622.22251
82000     630.92245
83000     639.72632
84000     648.78942
85000     657.7251
86000     666.66892
87000     675.5042
88000     684.41977
89000     693.50896
90000     702.74015
91000     711.9486
92000     721.21413
93000     730.50381
94000     739.97363
95000     749.06087
96000     758.54722
97000     767.96533
98000     777.01576
99000     786.2729
100000    795.64643
