0           1.0122663e-28
1000        2.8892857
2000        6.5308456
3000        10.183378
4000        14.523062
5000        18.75773
6000        23.375064
7000        27.746392
8000        31.871123
9000        36.085415
10000       41.07562
11000       45.40807
12000       49.936029
13000       54.429195
14000       59.318158
15000       63.897118
16000       68.055336
17000       73.446153
18000       78.439696
19000       83.46433
20000       88.321679
21000       93.641933
22000       98.963772
23000       103.60359
24000       107.49432
25000       111.11018
26000       114.91894
27000       119.10939
28000       123.48965
29000       126.78978
30000       131.4317
31000       135.46653
32000       139.35314
33000       143.98996
34000       147.55023
35000       152.35706
36000       156.9347
37000       161.27614
38000       165.61314
39000       170.68598
40000       175.26217
41000       179.58291
42000       184.12515
43000       188.98141
44000       193.92663
45000       197.77436
46000       203.69171
47000       208.75363
48000       212.78178
49000       216.68947
50000       221.78189
51000       227.67085
52000       234.59902
53000       240.16515
54000       245.32465
55000       249.21119
56000       252.38163
57000       254.76009
58000       259.08604
59000       263.73374
60000       269.94794
61000       274.39248
62000       277.80468
63000       281.59713
64000       285.85171
65000       291.48964
66000       296.4067
67000       301.21344
68000       305.73647
69000       310.99644
70000       316.19435
71000       320.73438
72000       325.93017
73000       330.29556
74000       334.33671
75000       337.94412
76000       343.15812
77000       348.465
78000       351.61694
79000       355.48061
80000       359.51878
81000       361.1748
82000       363.85029
83000       366.84552
84000       371.59307
85000       376.46055
86000       380.07137
87000       383.30109
88000       386.09881
89000       391.31449
90000       396.33391
91000       401.03452
92000       405.53304
93000       409.05395
94000       412.89559
95000       417.21376
96000       420.03572
97000       423.40725
98000       427.11564
99000       430.76858
100000      435.15837
