         0   1.003863       1.0122663e-28  2.5306658e-23  5e+20        
      1000   1.0159982      2.8892857      0.14446425     0.14791173   
      2000   1.0043798      6.5308456      0.16327112     0.16862467   
      3000   0.99800265     10.183378      0.16972296     0.17488845   
      4000   0.98375522     14.523062      0.18153827     0.18402188   
      5000   1.0034554      18.75773       0.18757729     0.19237204   
      6000   1.0017509      23.375064      0.19479219     0.19816903   
      7000   0.98293523     27.746392      0.19818851     0.20363688   
      8000   0.98637394     31.871123      0.19919451     0.20622503   
      9000   0.98646339     36.085415      0.20047453     0.20778515   
     10000   0.9909332      41.07562       0.20537809     0.20959414   
     11000   0.99246143     45.40807       0.20640031     0.21182031   
     12000   0.99589614     49.936029      0.20806678     0.21342946   
     13000   0.97942603     54.429195      0.20934305     0.21488481   
     14000   0.99167312     59.318158      0.21185056     0.21629801   
     15000   0.99049935     63.897118      0.21299039     0.21767034   
     16000   0.99720786     68.055336      0.21267292     0.21870737   
     17000   1.0018862      73.446153      0.21601809     0.21972371   
     18000   0.98650682     78.439696      0.21788804     0.22114691   
     19000   0.99404285     83.46433       0.21964297     0.22266244   
     20000   1.0091532      88.321679      0.22080419     0.22419291   
     21000   0.99148438     93.641933      0.22295698     0.225677     
     22000   0.99173119     98.963772      0.22491766     0.22723009   
     23000   0.99425296     103.60359      0.2252252      0.22873998   
     24000   0.99426102     107.49432      0.22394649     0.22961487   
     25000   0.9816002      111.11018      0.22222036     0.23003047   
     26000   1.0013058      114.91894      0.22099796     0.22987923   
     27000   0.98253507     119.10939      0.22057295     0.22948452   
     28000   0.98812814     123.48965      0.22051723     0.22906316   
     29000   1.0023765      126.78978      0.21860306     0.22853672   
     30000   1.0031282      131.4317       0.21905284     0.22789282   
     31000   0.98972214     135.46653      0.2184944      0.22734391   
     32000   0.98882982     139.35314      0.21773927     0.22674489   
     33000   0.98679077     143.98996      0.2181666      0.22610138   
     34000   0.98701877     147.55023      0.21698563     0.22546127   
     35000   0.98912357     152.35706      0.21765294     0.22484986   
     36000   0.99321177     156.9347       0.21796486     0.22439541   
     37000   0.99432615     161.27614      0.21794073     0.22401357   
     38000   0.99389269     165.61314      0.21791203     0.22364713   
     39000   0.98448081     170.68598      0.21882818     0.22337029   
     40000   0.99982266     175.26217      0.21907772     0.2231842    
     41000   0.98982696     179.58291      0.21900355     0.22301836   
     42000   1.0025239      184.12515      0.21919661     0.22289845   
     43000   0.99366871     188.98141      0.21974583     0.22286597   
     44000   1.0045393      193.92663      0.22037117     0.22285021   
     45000   0.99622512     197.77436      0.21974929     0.2228359    
     46000   0.98878626     203.69171      0.22140403     0.22289191   
     47000   0.98652161     208.75363      0.22207833     0.22305676   
     48000   0.98720639     212.78178      0.22164769     0.22324884   
     49000   0.99506303     216.68947      0.2211117      0.22331844   
     50000   1.0043658      221.78189      0.22178189     0.22341401   
     51000   1.0000705      227.67085      0.22320672     0.22360381   
     52000   0.99410744     234.59902      0.22557598     0.22399597   
     53000   0.9960205      240.16515      0.22657089     0.22453642   
     54000   0.9957548      245.32465      0.22715245     0.22509639   
     55000   1.0041852      249.21119      0.22655562     0.22562211   
     56000   0.98032677     252.38163      0.22534074     0.22596843   
     57000   0.98184073     254.76009      0.22347377     0.22613137   
     58000   1.0126807      259.08604      0.22335003     0.2262045    
     59000   0.99898865     263.73374      0.22350317     0.22622765   
     60000   0.98359102     269.94794      0.22495662     0.22634548   
     61000   1.0004105      274.39248      0.22491187     0.22652515   
     62000   0.99471477     277.80468      0.22403603     0.22661756   
     63000   0.99891733     281.59713      0.22348978     0.22661717   
     64000   0.99212185     285.85171      0.22332165     0.22660236   
     65000   0.98861595     291.48964      0.2242228      0.22660443   
     66000   1.0176707      296.4067       0.22455053     0.2266629    
     67000   1.0003583      301.21344      0.22478615     0.22673943   
     68000   1.0080068      305.73647      0.22480623     0.22682094   
     69000   0.97397126     310.99644      0.22535974     0.22690049   
     70000   0.98074009     316.19435      0.22585311     0.22702994   
     71000   0.99526966     320.73438      0.22586928     0.2271772    
     72000   0.99739863     325.93017      0.2263404      0.22733212   
     73000   0.98791724     330.29556      0.22622983     0.22746275   
     74000   0.97663193     334.33671      0.22590318     0.22757488   
     75000   0.98183182     337.94412      0.22529608     0.22761803   
     76000   0.98202352     343.15812      0.22576192     0.22765669   
     77000   0.99228232     348.465        0.22627598     0.22775309   
     78000   0.98791212     351.61694      0.22539547     0.22781992   
     79000   0.98652985     355.48061      0.22498773     0.22785015   
     80000   0.98816175     359.51878      0.22469924     0.22783415   
     81000   0.99581572     361.1748       0.22294741     0.22774119   
     82000   1.0006903      363.85029      0.22185994     0.22755744   
     83000   0.9913948      366.84552      0.22099128     0.22729525   
     84000   0.99768735     371.59307      0.22118635     0.22703169   
     85000   1.0023153      376.46055      0.22144738     0.22679234   
     86000   0.99930466     380.07137      0.22097172     0.22656571   
     87000   1.0028557      383.30109      0.22028798     0.22630797   
     88000   0.99850749     386.09881      0.21937432     0.22601893   
     89000   0.99324636     391.31449      0.2198396      0.22572539   
     90000   0.99742864     396.33391      0.2201855      0.22546371   
     91000   1.0010873      401.03452      0.22034863     0.22524816   
     92000   0.99524        405.53304      0.22039839     0.22503938   
     93000   1.0142899      409.05395      0.21992148     0.22481568   
     94000   0.98443753     412.89559      0.21962531     0.22459279   
     95000   0.99794707     417.21376      0.21958619     0.22436306   
     96000   0.99900716     420.03572      0.2187686      0.22413196   
     97000   0.98555885     423.40725      0.21825116     0.22385564   
     98000   0.9938523      427.11564      0.21791614     0.22356049   
     99000   1.0058279      430.76858      0.21755989     0.22325966   
    100000   0.99662493     435.15837      0.21757918     0.22297646   
