0           0
1000        4.1168883
2000        9.147453
3000        14.594184
4000        20.285622
5000        26.198035
6000        32.271796
7000        38.429002
8000        44.660584
9000        51.061007
10000       57.489631
11000       63.957699
12000       70.560013
13000       77.275081
14000       84.001926
15000       90.843369
16000       97.704897
17000       104.46551
18000       111.40411
19000       118.18906
20000       125.00794
21000       131.83569
22000       138.719
23000       145.57236
24000       152.50065
25000       159.54627
26000       166.43873
27000       173.46706
28000       180.42454
29000       187.54148
30000       194.72741
31000       201.87771
32000       209.2763
33000       216.44657
34000       223.65875
35000       231.03868
36000       238.47488
37000       245.75599
38000       253.12606
39000       260.34062
40000       267.61304
41000       275.0064
42000       282.55553
43000       290.0217
44000       297.6743
45000       305.16821
46000       312.60691
47000       320.0838
48000       327.7364
49000       335.31225
50000       342.83327
51000       350.49064
52000       358.18324
53000       365.75272
54000       373.47156
55000       381.04894
56000       388.87186
57000       396.65483
58000       404.37308
59000       412.40023
60000       420.27253
61000       428.10739
62000       435.99468
63000       443.86397
64000       451.43733
65000       459.0408
66000       466.76746
67000       474.88985
68000       482.86808
69000       490.91323
70000       499.05575
71000       507.37038
72000       515.73984
73000       523.92994
74000       532.41737
75000       540.8258
76000       549.21513
77000       557.74855
78000       565.84879
79000       574.39602
80000       582.99025
81000       591.54271
82000       600.08534
83000       608.3514
84000       616.78251
85000       625.57498
86000       634.16807
87000       642.6854
88000       651.39558
89000       660.24668
90000       668.76792
91000       677.32083
92000       685.66752
93000       693.90201
94000       702.37238
95000       710.87469
96000       719.43552
97000       727.65804
98000       736.26778
99000       744.67778
100000      753.14393
  
