   Step          Temp         c_msd[4]      v_twopoint     v_fitslope  
         0   0.97356247     1.0108464e-28  2.5271159e-23  5e+20        
      1000   0.9859277      3.8655438      0.19327715     0.20044609   
      2000   0.9793578      8.5461883      0.21365469     0.21720168   
      3000   0.99107971     14.020492      0.23367484     0.23566475   
      4000   0.99133974     19.642744      0.24553429     0.25036273   
      5000   0.9849214      25.093508      0.25093507     0.25871934   
      6000   0.99618156     31.050673      0.2587556      0.26454037   
      7000   0.98166119     37.68287       0.26916335     0.27189919   
      8000   0.99245377     45.076965      0.28173102     0.28097003   
      9000   0.99444457     52.535366      0.29186314     0.29181407   
     10000   0.97415754     59.582035      0.29791017     0.30055839   
     11000   0.99326433     66.938257      0.3042648      0.3089565    
     12000   0.99524751     73.449963      0.30604151     0.31483467   
     13000   0.99968451     79.423856      0.30547637     0.31859355   
     14000   0.98414292     86.26378       0.30808492     0.32050756   
     15000   0.9856702      94.228628      0.31409542     0.32341281   
     16000   0.99667607     102.22049      0.31943904     0.32696118   
     17000   0.98284938     109.24191      0.32129972     0.33046066   
     18000   0.97350825     115.35804      0.320439       0.33286371   
     19000   0.9831832      122.5526       0.32250685     0.33445754   
     20000   0.99230697     129.11904      0.3227976      0.33570076   
     21000   0.98745765     136.41536      0.32479847     0.336822     
     22000   1.005918       142.92567      0.32483106     0.33761828   
     23000   0.99980372     149.8452       0.32575043     0.33841045   
     24000   0.99411973     155.65115      0.32427322     0.33888187   
     25000   0.99396623     161.4099       0.32281979     0.33866348   
     26000   0.98992653     166.23722      0.31968696     0.3378508    
     27000   0.97867969     170.20133      0.31518765     0.33628157   
     28000   0.99316383     173.2462       0.30936821     0.33370101   
     29000   0.99409983     177.93264      0.3067804      0.33073787   
     30000   0.97919973     183.18974      0.30531623     0.32787014   
     31000   0.99355338     189.28758      0.30530255     0.32516614   
     32000   0.97577891     194.29023      0.30357848     0.32268819   
     33000   0.98432421     200.04599      0.30309998     0.3205327    
     34000   0.9948022      205.21406      0.30178538     0.31835372   
     35000   0.99285329     210.79753      0.30113933     0.31624913   
     36000   0.97418659     216.76113      0.30105713     0.31436535   
     37000   0.98978677     221.25286      0.29899036     0.31261393   
     38000   0.99043987     225.99352      0.29735989     0.31072741   
     39000   0.98807705     231.4036       0.29667127     0.3089328    
     40000   0.98783238     237.59245      0.29699056     0.30728359   
     41000   1.0006229      243.64779      0.29713145     0.30586034   
     42000   0.98735354     249.19295      0.29665828     0.30463542   
     43000   0.95781413     255.94936      0.29761553     0.30360932   
     44000   0.99051614     262.98882      0.29885094     0.30280775   
     45000   0.99878228     267.82112      0.29757902     0.30199569   
     46000   0.9865879      273.49666      0.29727897     0.30129165   
     47000   1.0005551      278.81494      0.29661164     0.30052881   
     48000   0.98400461     283.99166      0.29582464     0.2997989    
     49000   1.0091073      291.21712      0.29716032     0.29912908   
     50000   0.98372449     296.48008      0.29648008     0.29864483   
     51000   0.97849637     301.46715      0.29555603     0.2980569    
     52000   0.98253275     305.8216       0.29405923     0.29741724   
     53000   0.9672833      310.94702      0.29334625     0.29672677   
     54000   0.99659562     316.4578       0.29301648     0.2960375    
     55000   0.99075956     321.75576      0.29250523     0.2954029    
     56000   0.98165299     327.5328       0.29244        0.29478012   
     57000   0.98980238     333.14802      0.2922351      0.29422091   
     58000   0.99485784     336.92148      0.29044955     0.29354836   
     59000   0.99763296     342.01085      0.2898397      0.2928034    
     60000   0.99167823     347.69462      0.28974551     0.29211721   
     61000   0.96980637     354.93954      0.29093405     0.29154969   
     62000   0.98655672     362.00364      0.29193842     0.29116963   
     63000   0.98666427     369.01114      0.29286598     0.29087618   
     64000   1.0017638      377.3256       0.29478563     0.29079481   
     65000   0.98655443     383.36456      0.29489582     0.29079247   
     66000   0.98271907     390.16042      0.29557608     0.29086959   
     67000   0.97297019     396.86505      0.29616795     0.29096674   
     68000   0.99255594     404.09095      0.2971257      0.29111267   
     69000   0.98322155     409.93453      0.29705401     0.29128601   
     70000   0.9880246      419.15667      0.29939762     0.29157395   
     71000   0.98567147     425.84318      0.29988956     0.2919577    
     72000   1.0026727      434.65957      0.30184692     0.29241844   
     73000   0.9925704      445.52078      0.30515122     0.29305966   
     74000   1.0041529      454.69443      0.30722597     0.29386497   
     75000   0.98986196     461.85709      0.30790472     0.29475139   
     76000   0.98642604     469.33266      0.30877148     0.29562624   
     77000   0.9699344      478.42796      0.31066751     0.29655329   
     78000   0.99901903     488.81844      0.31334516     0.29761966   
     79000   0.99693642     495.6255       0.31368703     0.29873592   
     80000   0.98213767     503.07746      0.31442341     0.29979965   
     81000   0.98529511     509.50987      0.31451227     0.30083449   
     82000   0.99381875     518.47191      0.31614141     0.30185288   
     83000   1.0091724      525.06813      0.3163061      0.3028649    
     84000   0.99206532     533.40855      0.31750509     0.30388148   
     85000   1.003424       540.57444      0.31798496     0.30489658   
     86000   1.0063213      548.78716      0.3190623      0.30592213   
     87000   0.99987745     553.8699       0.31831603     0.30688732   
     88000   1.0064186      561.24815      0.31889099     0.30779139   
     89000   0.97568407     567.3343       0.31872713     0.30867121   
     90000   0.99618443     576.50021      0.32027789     0.30954036   
     91000   0.99374205     585.55207      0.3217319      0.3104353    
     92000   0.99117702     596.18815      0.3240153      0.31141565   
     93000   0.98501707     604.53493      0.32501878     0.31245216   
     94000   0.97339801     614.7679       0.3270042      0.31350083   
     95000   0.97992462     623.63247      0.32822762     0.31461546   
     96000   0.97907218     634.52986      0.3304843      0.3157778    
     97000   0.99521179     642.74478      0.33131174     0.31697424   
     98000   0.98327537     651.55975      0.33242844     0.31817435   
     99000   0.97760703     659.93587      0.33330094     0.31936077   
    100000   0.96930418     668.30708      0.33415354     0.32053858
