0           2.5271159e-23
1000        0.19327715
2000        0.21365469
3000        0.23367484
4000        0.24553429
5000        0.25093507
6000        0.2587556
7000        0.26916335
8000        0.28173102
9000        0.29186314
10000       0.29791017
11000       0.3042648
12000       0.30604151
13000       0.30547637
14000       0.30808492
15000       0.31409542
16000       0.31943904
17000       0.32129972
18000       0.320439
19000       0.32250685
20000       0.3227976
21000       0.32479847
22000       0.32483106
23000       0.32575043
24000       0.32427322
25000       0.32281979
26000       0.31968696
27000       0.31518765
28000       0.30936821
29000       0.3067804
30000       0.30531623
31000       0.30530255
32000       0.30357848
33000       0.30309998
34000       0.30178538
35000       0.30113933
36000       0.30105713
37000       0.29899036
38000       0.29735989
39000       0.29667127
40000       0.29699056
41000       0.29713145
42000       0.29665828
43000       0.29761553
44000       0.29885094
45000       0.29757902
46000       0.29727897
47000       0.29661164
48000       0.29582464
49000       0.29716032
50000       0.29648008
51000       0.29555603
52000       0.29405923
53000       0.29334625
54000       0.29301648
55000       0.29250523
56000       0.29244
57000       0.2922351
58000       0.29044955
59000       0.2898397
60000       0.28974551
61000       0.29093405
62000       0.29193842
63000       0.29286598
64000       0.29478563
65000       0.29489582
66000       0.29557608
67000       0.29616795
68000       0.2971257
69000       0.29705401
70000       0.29939762
71000       0.29988956
72000       0.30184692
73000       0.30515122
74000       0.30722597
75000       0.30790472
76000       0.30877148
77000       0.31066751
78000       0.31334516
79000       0.31368703
80000       0.31442341
81000       0.31451227
82000       0.31614141
83000       0.3163061
84000       0.31750509
85000       0.31798496
86000       0.3190623
87000       0.31831603
88000       0.31889099
89000       0.31872713
90000       0.32027789
91000       0.3217319
92000       0.3240153
93000       0.32501878
94000       0.3270042
95000       0.32822762
96000       0.3304843
97000       0.33131174
98000       0.33242844
99000       0.33330094
100000      0.33415354
