0           2.5260904e-28
1000        3.0964182
2000        7.2974093
3000        11.647562
4000        16.225254
5000        20.77884
6000        25.43458
7000        29.67019
8000        33.971767
9000        38.770306
10000       43.741179
11000       48.740176
12000       53.874452
13000       59.043885
14000       64.481654
15000       70.522555
16000       76.073829
17000       81.176339
18000       85.383514
19000       90.105747
20000       94.783712
21000       100.01301
22000       104.83587
23000       110.57812
24000       115.94442
25000       121.81648
26000       127.34844
27000       132.62668
28000       138.00702
29000       143.46178
30000       148.69516
31000       155.04897
32000       160.65399
33000       165.52877
34000       171.46226
35000       176.05677
36000       182.24819
37000       187.58154
38000       193.44445
39000       198.24314
40000       203.02867
41000       209.59512
42000       214.61522
43000       220.58696
44000       227.19084
45000       232.68923
46000       238.05172
47000       244.01984
48000       248.95192
49000       255.42261
50000       262.08701
51000       267.46285
52000       273.11401
53000       278.89642
54000       286.08839
55000       290.89326
56000       295.48676
57000       301.72657
58000       309.52984
59000       315.87107
60000       321.30325
61000       327.16847
62000       331.98179
63000       337.00575
64000       340.59772
65000       344.69411
66000       346.52855
67000       348.38817
68000       351.41268
69000       354.61466
70000       359.31989
71000       364.10689
72000       367.68708
73000       371.81027
74000       376.15335
75000       379.83079
76000       382.75553
77000       384.98734
78000       388.58237
79000       393.06021
80000       396.50931
81000       399.80345
82000       402.83234
83000       405.11033
84000       406.6317
85000       409.50661
86000       411.11555
87000       413.78233
88000       416.91862
89000       420.88084
90000       422.34477
91000       425.66433
92000       429.40447
93000       432.93913
94000       437.83978
95000       442.03223
96000       446.58278
97000       450.94443
98000       456.28853
99000       460.09799
100000      466.61609
