0           1.0108464e-28
1000        3.8655438
2000        8.5461883
3000        14.020492
4000        19.642744
5000        25.093508
6000        31.050673
7000        37.68287
8000        45.076965
9000        52.535366
10000       59.582035
11000       66.938257
12000       73.449963
13000       79.423856
14000       86.26378
15000       94.228628
16000       102.22049
17000       109.24191
18000       115.35804
19000       122.5526
20000       129.11904
21000       136.41536
22000       142.92567
23000       149.8452
24000       155.65115
25000       161.4099
26000       166.23722
27000       170.20133
28000       173.2462
29000       177.93264
30000       183.18974
31000       189.28758
32000       194.29023
33000       200.04599
34000       205.21406
35000       210.79753
36000       216.76113
37000       221.25286
38000       225.99352
39000       231.4036
40000       237.59245
41000       243.64779
42000       249.19295
43000       255.94936
44000       262.98882
45000       267.82112
46000       273.49666
47000       278.81494
48000       283.99166
49000       291.21712
50000       296.48008
51000       301.46715
52000       305.8216
53000       310.94702
54000       316.4578
55000       321.75576
56000       327.5328
57000       333.14802
58000       336.92148
59000       342.01085
60000       347.69462
61000       354.93954
62000       362.00364
63000       369.01114
64000       377.3256
65000       383.36456
66000       390.16042
67000       396.86505
68000       404.09095
69000       409.93453
70000       419.15667
71000       425.84318
72000       434.65957
73000       445.52078
74000       454.69443
75000       461.85709
76000       469.33266
77000       478.42796
78000       488.81844
79000       495.6255
80000       503.07746
81000       509.50987
82000       518.47191
83000       525.06813
84000       533.40855
85000       540.57444
86000       548.78716
87000       553.8699
88000       561.24815
89000       567.3343
90000       576.50021
91000       585.55207
92000       596.18815
93000       604.53493
94000       614.7679
95000       623.63247
96000       634.52986
97000       642.74478
98000       651.55975
99000       659.93587
100000      668.30708
