0           1.9465165
1000        -0.0099655435
2000        0.014829774
3000        -0.022421059
4000        0.019555902
5000        -0.044619349
6000        -0.0098881759
7000        0.011695546
8000        -0.024830587
9000        0.033205743
10000       0.038613303
11000       0.03356895
12000       0.024235544
13000       0.014500966
14000       0.010060695
15000       -0.033562464
16000       0.0032908529
17000       -0.0026887693
18000       -0.040328858
19000       -0.023419742
20000       0.047125732
21000       -0.0045702014
22000       -0.01438516
23000       0.038584167
24000       -0.019714244
25000       0.046168373
26000       0.023020498
27000       -0.011500961
28000       0.010865728
29000       -0.0098962383
30000       0.00029286802
31000       0.0063779526
32000       -0.023272809
33000       -0.025464564
34000       -0.0006224424
35000       0.0010037511
36000       -0.029847311
37000       0.009430963
38000       0.0090750409
39000       -0.014734378
40000       -0.018081258
41000       0.020651621
42000       -0.0076929302
43000       -0.00013296988
44000       0.023442327
45000       0.034668747
46000       -0.012125869
47000       0.0047502821
48000       0.016235008
49000       0.041817944
50000       0.013185038
51000       0.0020316008
52000       -0.021500548
53000       0.025880181
54000       -0.030801952
55000       -0.019932026
56000       -0.0026468149
57000       -0.003434285
58000       0.02440467
59000       0.0081177099
60000       0.012954841
61000       -0.023348478
62000       -0.019866246
63000       0.0083095883
64000       0.021389511
65000       -0.0011856854
66000       -0.0071396028
67000       -0.017765958
68000       0.033087584
69000       0.028450578
70000       0.0099729317
71000       0.02487163
72000       -0.063312024
73000       -0.0035687117
74000       -0.007915567
75000       0.015133029
76000       -0.0052909226
77000       -0.031335711
78000       -0.0012523942
79000       0.051225476
80000       -0.037063316
81000       0.026520409
82000       0.018597791
83000       0.013530796
84000       -0.025902959
85000       0.031531412
86000       -0.0010767495
87000       0.020155206
88000       0.019225665
89000       0.020739532
90000       0.017954702
91000       0.0090199635
92000       0.027630196
93000       0.0070759153
94000       0.044970957
95000       -0.0089073056
96000       -0.033388155
97000       -0.0043086912
98000       -0.032624455
99000       -0.012678836
100000      0.012318765
